Triangle: (4,7,2) of area:0,125

0,5 -0,5 0 

-0,5 1 -0,5 

0 -0,5 0,5 
___________________
Triangle: (4,5,0) of area:0,125

0,5 -0,5 0 

-0,5 1 -0,5 

0 -0,5 0,5 
___________________
Triangle: (3,4,8) of area:0,125

0,5 0 -0,5 

0 0,5 -0,5 

-0,5 -0,5 1 
___________________
Triangle: (5,4,3) of area:0,125

1 -0,5 -0,5 

-0,5 0,5 0 

-0,5 0 0,5 
___________________
Triangle: (6,4,0) of area:0,125

1 -0,5 -0,5 

-0,5 0,5 0 

-0,5 0 0,5 
___________________
Triangle: (4,6,1) of area:0,125

0,5 -0,5 0 

-0,5 1 -0,5 

0 -0,5 0,5 
___________________
Triangle: (7,4,1) of area:0,125

1 -0,5 -0,5 

-0,5 0,5 0 

-0,5 0 0,5 
___________________
Triangle: (8,4,2) of area:0,125

1 -0,5 -0,5 

-0,5 0,5 0 

-0,5 0 0,5 
___________________
